class EFFECT_DRIVING_TUNNEL extends I3DL2Listener
    editinlinenew;

defaultproperties
{
    EnvironmentSize=3.0999999
    EnvironmentDiffusion=0.8100000
    Room=-900
    RoomHF=-800
    RoomLF=-100
    DecayTime=3.4200001
    DecayHFRatio=0.9400000
    DecayLFRatio=1.3099999
    Reflections=-300
    ReflectionsDelay=0.0510000
    Reverb=-500
    ReverbDelay=0.0470000
    EchoTime=0.2140000
    EchoDepth=0.0500000
    AirAbsorptionHF=-0.0000000
    LFReference=155.3000031
}