class EFFECT_SMALLWATERROOM extends I3DL2Listener
    editinlinenew;

defaultproperties
{
    EnvironmentSize=36.2000008
    EnvironmentDiffusion=0.7000000
    Room=-1200
    RoomHF=-698
    DecayTime=1.5100000
    DecayHFRatio=1.2500000
    DecayLFRatio=1.1400000
    Reflections=-100
    ReflectionsDelay=0.0200000
    ReverbDelay=0.0300000
    EchoTime=0.1790000
    EchoDepth=0.1500000
    ModulationTime=0.8950000
    ModulationDepth=0.1900000
}