class EFFECT_MOOD_HEAVEN extends I3DL2Listener
    editinlinenew;

defaultproperties
{
    EnvironmentSize=19.6000004
    EnvironmentDiffusion=0.9400000
    RoomHF=-200
    RoomLF=-700
    DecayTime=5.0400000
    DecayHFRatio=1.1200000
    DecayLFRatio=0.5600000
    Reflections=-1230
    ReflectionsDelay=0.0200000
    Reverb=-200
    ReverbDelay=0.0290000
    EchoDepth=0.0800000
    ModulationTime=2.7420001
    ModulationDepth=0.0500000
    AirAbsorptionHF=-2.0000000
}