class EFFECT_CASTLE_ALCOVE extends I3DL2Listener
    editinlinenew;

defaultproperties
{
    EnvironmentSize=8.3000002
    EnvironmentDiffusion=0.8900000
    RoomHF=-600
    RoomLF=-2000
    DecayTime=1.6400000
    DecayHFRatio=0.8700000
    DecayLFRatio=0.3100000
    Reflections=-100
    Reverb=-500
    ReverbDelay=0.0340000
    EchoTime=0.1380000
    EchoDepth=0.0800000
    HFReference=5168.6000977
    LFReference=139.5000000
}