class EFFECT_WOODEN_HALL extends I3DL2Listener
    editinlinenew;

defaultproperties
{
    Room=-1200
    RoomHF=-2200
    RoomLF=-1100
    DecayTime=1.9500000
    DecayHFRatio=0.3000000
    DecayLFRatio=0.8200000
    Reflections=-300
    ReflectionsDelay=0.0680000
    Reverb=-500
    ReverbDelay=0.0630000
    HFReference=4705.0000000
    LFReference=99.5999985
}