class EFFECT_CASTLE_COURTYARD extends I3DL2Listener
    editinlinenew;

defaultproperties
{
    EnvironmentSize=8.3000002
    EnvironmentDiffusion=0.4200000
    Room=-1100
    RoomHF=-700
    RoomLF=-900
    DecayTime=2.1300001
    DecayHFRatio=0.6100000
    DecayLFRatio=0.2300000
    Reflections=-2300
    ReflectionsDelay=0.1120000
    Reverb=-1500
    ReverbDelay=0.0360000
    EchoDepth=0.3700000
    AirAbsorptionHF=-0.0000000
}