class EFFECT_DRIVING_EMPTYGRANDSTAND extends I3DL2Listener
    editinlinenew;

defaultproperties
{
    EnvironmentSize=8.3000002
    Room=-700
    RoomHF=0
    RoomLF=-200
    DecayTime=4.6199999
    DecayHFRatio=1.7500000
    DecayLFRatio=1.4000000
    Reflections=-1363
    ReflectionsDelay=0.0900000
    Reverb=-1900
    ReverbDelay=0.0490000
    HFReference=10420.2001953
}