class EFFECT_DRIVING_INCAR_RACER extends I3DL2Listener
    editinlinenew;

defaultproperties
{
    EnvironmentSize=1.1000000
    EnvironmentDiffusion=0.8000000
    Room=-700
    RoomHF=0
    RoomLF=-200
    DecayTime=0.1700000
    DecayHFRatio=2.0000000
    DecayLFRatio=0.4100000
    Reflections=500
    Reverb=-500
    ReverbDelay=0.0150000
    AirAbsorptionHF=-0.0000000
    HFReference=10268.2001953
    LFReference=251.0000000
}