class EFFECT_ICEPALACE_CUPBOARD extends I3DL2Listener
    editinlinenew;

defaultproperties
{
    EnvironmentSize=8.3000002
    EnvironmentDiffusion=0.9300000
    RoomHF=-500
    RoomLF=-1000
    DecayTime=1.5000000
    DecayLFRatio=0.4600000
    Reflections=-300
    ReflectionsDelay=0.0220000
    Reverb=-200
    EchoTime=0.1550000
    EchoDepth=0.0300000
    HFReference=5168.6000977
    LFReference=139.5000000
}