class EFFECT_DOME_TOMB extends I3DL2Listener
    editinlinenew;

defaultproperties
{
    EnvironmentSize=51.7999992
    EnvironmentDiffusion=0.7900000
    RoomHF=-900
    RoomLF=-1300
    DecayTime=4.1799998
    DecayHFRatio=0.2100000
    DecayLFRatio=0.1000000
    Reflections=-825
    ReflectionsDelay=0.0300000
    Reverb=-125
    ReverbDelay=0.0220000
    EchoTime=0.1770000
    EchoDepth=0.1900000
    HFReference=2854.3999023
    LFReference=20.0000000
}