class EFFECT_CHAPEL extends I3DL2Listener
    editinlinenew;

defaultproperties
{
    EnvironmentSize=19.6000004
    EnvironmentDiffusion=0.8400000
    RoomHF=-500
    DecayTime=4.6199999
    DecayHFRatio=0.6400000
    DecayLFRatio=1.2300000
    Reflections=-700
    ReflectionsDelay=0.0320000
    Reverb=-800
    ReverbDelay=0.0490000
    ModulationDepth=0.1100000
}