class EFFECT_WOODEN_ALCOVE extends I3DL2Listener
    editinlinenew;

defaultproperties
{
    Room=-1100
    RoomHF=-1800
    RoomLF=-1000
    DecayTime=1.2200000
    DecayHFRatio=0.6200000
    DecayLFRatio=0.9100000
    Reflections=-100
    ReflectionsDelay=0.0120000
    Reverb=-600
    ReverbDelay=0.0240000
    HFReference=4705.0000000
    LFReference=99.5999985
}