class EFFECT_WOODEN_MEDIUMROOM extends I3DL2Listener
    editinlinenew;

defaultproperties
{
    Room=-1200
    RoomHF=-2000
    RoomLF=-1100
    DecayTime=1.0700001
    DecayHFRatio=0.4200000
    DecayLFRatio=0.8200000
    Reflections=-300
    ReflectionsDelay=0.0390000
    Reverb=-400
    ReverbDelay=0.0290000
    HFReference=4705.0000000
    LFReference=99.5999985
}