class STY2VertGrip extends GUI2Styles
    instanced;

defaultproperties
{
    KeyName="VertGrip"
    ImgWidths[0]=11.0000000
    ImgWidths[1]=11.0000000
    ImgWidths[2]=11.0000000
    ImgWidths[3]=11.0000000
    ImgWidths[4]=11.0000000
    ImgHeights[0]=19.0000000
    ImgHeights[1]=19.0000000
    ImgHeights[2]=19.0000000
    ImgHeights[3]=19.0000000
    ImgHeights[4]=19.0000000
}