class BTAdControl extends FloatingImage
    editinlinenew
    instanced;

defaultproperties
{
    X1=0
    Y1=0
    X2=243
    Y2=214
    DropShadowX=0
    DropShadowY=0
    WinTop=0.1054688
    WinLeft=0.7529297
    WinWidth=0.2363281
    WinHeight=0.2773438
    RenderWeight=0.2000000
}