class EFFECT_ICEPALACE_SMALLROOM extends I3DL2Listener
    editinlinenew;

defaultproperties
{
    EnvironmentSize=2.7000000
    EnvironmentDiffusion=0.8400000
    RoomHF=-500
    RoomLF=-1100
    DecayTime=1.5100000
    DecayHFRatio=1.5300000
    DecayLFRatio=0.2700000
    Reflections=-100
    ReflectionsDelay=0.0100000
    Reverb=-900
    EchoTime=0.1640000
    EchoDepth=0.1400000
    AirAbsorptionHF=-0.0000000
    HFReference=12428.5000000
    LFReference=99.5999985
}