class EFFECT_OUTDOORS_VALLEY extends I3DL2Listener
    editinlinenew;

defaultproperties
{
    EnvironmentSize=80.3000031
    EnvironmentDiffusion=0.2800000
    Room=-1100
    RoomHF=-3100
    RoomLF=-1600
    DecayTime=2.8800001
    DecayHFRatio=0.2600000
    DecayLFRatio=0.3500000
    Reflections=-3200
    ReflectionsDelay=0.1630000
    Reverb=-1000
    ReverbDelay=0.1000000
    EchoDepth=0.3400000
    AirAbsorptionHF=-0.0000000
    HFReference=2854.3999023
    LFReference=107.5000000
}