class EFFECT_PREFAB_PRACTISEROOM extends I3DL2Listener
    editinlinenew;

defaultproperties
{
    EnvironmentSize=1.8600000
    EnvironmentDiffusion=0.8700000
    RoomHF=-800
    RoomLF=-600
    DecayTime=1.1200000
    DecayHFRatio=0.5600000
    DecayLFRatio=0.1800000
    Reflections=200
    ReflectionsDelay=0.0100000
    Reverb=-200
    EchoTime=0.0950000
    EchoDepth=0.1400000
    AirAbsorptionHF=-0.0000000
    HFReference=7176.8999023
    LFReference=211.1999969
}