class EFFECT_WOODEN_SMALLROOM extends I3DL2Listener
    editinlinenew;

defaultproperties
{
    Room=-1200
    RoomHF=-1900
    RoomLF=-1000
    DecayTime=0.7900000
    DecayHFRatio=0.3200000
    DecayLFRatio=0.8700000
    Reflections=-200
    ReflectionsDelay=0.0320000
    Reverb=-300
    ReverbDelay=0.0290000
    HFReference=4705.0000000
    LFReference=99.5999985
}