class EFFECT_SPORT_SQUASHCOURT extends I3DL2Listener
    editinlinenew;

defaultproperties
{
    EnvironmentDiffusion=0.7500000
    Room=-1100
    RoomHF=-1000
    RoomLF=-200
    DecayTime=2.2200000
    DecayHFRatio=0.9100000
    DecayLFRatio=1.1600000
    Reflections=-700
    Reverb=-300
    EchoTime=0.1260000
    EchoDepth=0.1900000
    AirAbsorptionHF=-0.0000000
    HFReference=7176.8999023
    LFReference=211.1999969
}