class EFFECT_OUTDOORS_DEEPCANYON extends I3DL2Listener
    editinlinenew;

defaultproperties
{
    EnvironmentSize=80.3000031
    EnvironmentDiffusion=0.7400000
    Room=-1100
    RoomHF=-1500
    RoomLF=-400
    DecayTime=3.8900001
    DecayHFRatio=0.2100000
    DecayLFRatio=0.4600000
    Reflections=-2000
    ReflectionsDelay=0.1930000
    Reverb=-1100
    ReverbDelay=0.0190000
    EchoDepth=1.0000000
    HFReference=4399.1000977
    LFReference=242.8999939
}