class EFFECT_OUTDOORS_ROLLINGPLAINS extends I3DL2Listener
    editinlinenew;

defaultproperties
{
    EnvironmentSize=80.3000031
    EnvironmentDiffusion=0.0000000
    Room=-1100
    RoomHF=-3900
    RoomLF=-400
    DecayTime=2.1300001
    DecayHFRatio=0.2100000
    DecayLFRatio=0.4600000
    Reflections=-2000
    ReflectionsDelay=0.3000000
    Reverb=-1500
    ReverbDelay=0.0190000
    EchoDepth=1.0000000
    HFReference=4399.1000977
    LFReference=242.8999939
}