class EFFECT_CASTLE_CUPBOARD extends I3DL2Listener
    editinlinenew;

defaultproperties
{
    EnvironmentSize=8.3000002
    EnvironmentDiffusion=0.8900000
    RoomHF=-1100
    RoomLF=-2000
    DecayTime=0.6700000
    DecayHFRatio=0.8700000
    DecayLFRatio=0.3100000
    Reflections=300
    ReflectionsDelay=0.0100000
    Reverb=300
    ReverbDelay=0.0070000
    EchoTime=0.1380000
    EchoDepth=0.0800000
    HFReference=5168.6000977
    LFReference=139.5000000
}