class EFFECT_CITY_STREETS extends I3DL2Listener
    editinlinenew;

defaultproperties
{
    EnvironmentSize=3.0000000
    EnvironmentDiffusion=0.7800000
    Room=-1100
    RoomHF=-300
    RoomLF=-100
    DecayTime=1.7900000
    DecayHFRatio=1.1200000
    DecayLFRatio=0.9100000
    Reflections=-1700
    ReflectionsDelay=0.0460000
    Reverb=-2800
    ReverbDelay=0.0280000
    EchoDepth=0.2000000
    AirAbsorptionHF=-0.0000000
}