class EFFECT_SPACESTATION_SHORTPASSAGE extends I3DL2Listener
    editinlinenew;

defaultproperties
{
    EnvironmentSize=1.5000000
    EnvironmentDiffusion=0.8700000
    RoomHF=-400
    RoomLF=-100
    DecayTime=3.5699999
    DecayHFRatio=0.5000000
    DecayLFRatio=0.5500000
    Reflections=0
    ReflectionsDelay=0.0120000
    Reverb=-600
    ReverbDelay=0.0160000
    EchoTime=0.1720000
    EchoDepth=0.2000000
    HFReference=3316.1000977
    LFReference=458.2000122
}