class EFFECT_WOODEN_CUPBOARD extends I3DL2Listener
    editinlinenew;

defaultproperties
{
    RoomHF=-1700
    RoomLF=-1000
    DecayTime=0.5600000
    DecayHFRatio=0.4600000
    DecayLFRatio=0.9100000
    Reflections=-100
    ReflectionsDelay=0.0120000
    Reverb=-100
    ReverbDelay=0.0280000
    HFReference=4705.0000000
    LFReference=99.5999985
}