class EFFECT_DRIVING_FULLGRANDSTAND extends I3DL2Listener
    editinlinenew;

defaultproperties
{
    EnvironmentSize=8.3000002
    Room=-1100
    RoomHF=-1100
    RoomLF=-400
    DecayTime=3.0100000
    DecayHFRatio=1.3700000
    DecayLFRatio=1.2800000
    Reflections=-900
    ReflectionsDelay=0.0900000
    Reverb=-1700
    ReverbDelay=0.0490000
    HFReference=10420.2001953
}