class EFFECT_OUTDOORS_CREEK extends I3DL2Listener
    editinlinenew;

defaultproperties
{
    EnvironmentSize=80.3000031
    EnvironmentDiffusion=0.3500000
    Room=-1100
    RoomHF=-1500
    RoomLF=-600
    DecayTime=2.1300001
    DecayHFRatio=0.2100000
    DecayLFRatio=0.4600000
    Reflections=-1700
    ReflectionsDelay=0.1150000
    Reverb=-1100
    ReverbDelay=0.0310000
    EchoTime=0.2180000
    EchoDepth=0.3400000
    HFReference=4399.1000977
    LFReference=242.8999939
}