class EFFECT_SPORT_STADIUMTANNOY extends I3DL2Listener
    editinlinenew;

defaultproperties
{
    EnvironmentSize=3.0000000
    EnvironmentDiffusion=0.7800000
    Room=-900
    RoomHF=-500
    RoomLF=-600
    DecayTime=2.5300000
    DecayHFRatio=0.8800000
    DecayLFRatio=0.6800000
    Reflections=-1100
    ReflectionsDelay=0.2300000
    Reverb=-600
    ReverbDelay=0.0630000
    EchoDepth=0.2000000
    AirAbsorptionHF=-0.0000000
}