class EFFECT_SPORT_SMALLSWIMMINGPOOL extends I3DL2Listener
    editinlinenew;

defaultproperties
{
    EnvironmentSize=36.2000008
    EnvironmentDiffusion=0.7000000
    Room=-1400
    RoomHF=-200
    RoomLF=-100
    DecayTime=2.7600000
    DecayHFRatio=1.2500000
    DecayLFRatio=1.1400000
    Reflections=-400
    ReflectionsDelay=0.0200000
    Reverb=-300
    ReverbDelay=0.0300000
    EchoTime=0.1790000
    EchoDepth=0.1500000
    ModulationTime=0.8950000
    ModulationDepth=0.1900000
}