class EFFECT_CASTLE_SHORTPASSAGE extends I3DL2Listener
    editinlinenew;

defaultproperties
{
    EnvironmentSize=8.3000002
    EnvironmentDiffusion=0.8900000
    RoomHF=-1000
    RoomLF=-2000
    DecayTime=2.3199999
    DecayLFRatio=0.3100000
    Reflections=-100
    Reverb=-500
    ReverbDelay=0.0230000
    EchoTime=0.1380000
    EchoDepth=0.0800000
    HFReference=5168.6000977
    LFReference=139.5000000
}