class EFFECT_CASTLE_HALL extends I3DL2Listener
    editinlinenew;

defaultproperties
{
    EnvironmentSize=8.3000002
    EnvironmentDiffusion=0.8100000
    RoomHF=-1100
    RoomLF=-1500
    DecayTime=3.1400001
    DecayHFRatio=0.7900000
    DecayLFRatio=0.6200000
    Reflections=-1300
    ReflectionsDelay=0.0560000
    Reverb=-500
    ReverbDelay=0.0240000
    HFReference=5168.6000977
    LFReference=139.5000000
}