class EFFECT_OUTDOORS_BACKYARD extends I3DL2Listener
    editinlinenew;

defaultproperties
{
    EnvironmentSize=80.3000031
    EnvironmentDiffusion=0.4500000
    Room=-1100
    RoomHF=-1200
    RoomLF=-600
    DecayTime=1.1200000
    DecayHFRatio=0.3400000
    DecayLFRatio=0.4600000
    Reflections=-1100
    ReflectionsDelay=0.0490000
    Reverb=-1300
    ReverbDelay=0.0230000
    EchoTime=0.2180000
    EchoDepth=0.3400000
    HFReference=4399.1000977
    LFReference=242.8999939
}