class EFFECT_PIPE_LONGTHIN extends I3DL2Listener
    editinlinenew;

defaultproperties
{
    EnvironmentSize=1.6000000
    EnvironmentDiffusion=0.9100000
    Room=-1200
    RoomHF=-700
    RoomLF=-1100
    DecayTime=9.2100000
    DecayHFRatio=0.1800000
    DecayLFRatio=0.1000000
    Reflections=-300
    ReflectionsDelay=0.0100000
    Reverb=-1000
    ReverbDelay=0.0220000
    HFReference=2854.3999023
    LFReference=20.0000000
}