class EFFECT_CASTLE_LARGEROOM extends I3DL2Listener
    editinlinenew;

defaultproperties
{
    EnvironmentSize=8.3000002
    EnvironmentDiffusion=0.8200000
    RoomHF=-1100
    RoomLF=-1800
    DecayTime=2.5300000
    DecayLFRatio=0.5000000
    Reflections=-900
    ReflectionsDelay=0.0340000
    Reverb=-400
    ReverbDelay=0.0160000
    EchoTime=0.1850000
    EchoDepth=0.0700000
    HFReference=5168.6000977
    LFReference=139.5000000
}