class EFFECT_SPACESTATION_CUPBOARD extends I3DL2Listener
    editinlinenew;

defaultproperties
{
    EnvironmentSize=1.4000000
    EnvironmentDiffusion=0.5600000
    RoomHF=-300
    RoomLF=-100
    DecayTime=0.7900000
    DecayHFRatio=0.8100000
    DecayLFRatio=0.5500000
    Reflections=200
    Reverb=400
    ReverbDelay=0.0180000
    EchoTime=0.1810000
    EchoDepth=0.3100000
    HFReference=3316.1000977
    LFReference=458.2000122
}