class STY2Warfare_SliderKnob extends GUI2Styles
    instanced;

defaultproperties
{
    KeyName="STY2Warfare_SliderKnob"
    ImgStyle[0]=2
    ImgStyle[1]=2
    ImgStyle[2]=2
    ImgStyle[3]=2
    ImgStyle[4]=2
    ImgWidths[0]=12.0000000
    ImgWidths[1]=12.0000000
    ImgWidths[2]=12.0000000
    ImgWidths[3]=12.0000000
    ImgWidths[4]=12.0000000
    ImgHeights[0]=10.0000000
    ImgHeights[1]=10.0000000
    ImgHeights[2]=10.0000000
    ImgHeights[3]=10.0000000
    ImgHeights[4]=10.0000000
}