class STY2Warfare_SliderRButton extends GUI2Styles
    instanced;

defaultproperties
{
    KeyName="STY2Warfare_SliderRButton"
    ImgColors[3]=(R=200,G=200,B=200,A=255)
    ImgColors[4]=(R=128,G=128,B=128,A=128)
    ImgStyle[0]=2
    ImgStyle[1]=2
    ImgStyle[2]=2
    ImgStyle[3]=2
    ImgStyle[4]=2
    ImgWidths[0]=14.0000000
    ImgWidths[1]=14.0000000
    ImgWidths[2]=14.0000000
    ImgWidths[3]=14.0000000
    ImgWidths[4]=14.0000000
    ImgHeights[0]=17.0000000
    ImgHeights[1]=17.0000000
    ImgHeights[2]=17.0000000
    ImgHeights[3]=17.0000000
    ImgHeights[4]=17.0000000
}