class WallSparks extends wEmitter;

defaultproperties
{
    mParticleType=2
    mRegen=false
    mStartParticles=8
    mMaxParticles=10
    mLifeRange[0]=0.2000000
    mLifeRange[1]=0.3000000
    mRegenRange[0]=0.0000000
    mRegenRange[1]=0.0000000
    mDirDev=(X=0.6000000,Y=0.6000000,Z=0.6000000)
    mPosDev=(X=0.8000000,Y=0.8000000,Z=0.8000000)
    mSpawnVecB=(X=5.0000000,Y=0.0000000,Z=0.0300000)
    mSpeedRange[0]=400.0000000
    mSpeedRange[1]=800.0000000
    mMassRange[0]=1.5000000
    mMassRange[1]=2.5000000
    mAirResistance=0.0000000
    mSizeRange[0]=2.0000000
    mSizeRange[1]=1.5000000
    mGrowthRate=-4.0000000
    mAttenKa=0.0000000
    DrawScale=1.5000000
    Skins[0]=FinalBlend'FX_TEX.Hit_Effects.Metal_Spark_Flying'
    ScaleGlow=2.0000000
    Style=6
}