class EFFECT_ICEPALACE_CUPBOARD extends I3DL2Listener
    editinlinenew;

defaultproperties
{
    EnvironmentSize=2.7000000
    EnvironmentDiffusion=0.8300000
    RoomHF=-600
    RoomLF=-1300
    DecayTime=0.7600000
    DecayHFRatio=1.5300000
    DecayLFRatio=0.2600000
    Reflections=100
    ReflectionsDelay=0.0120000
    Reverb=100
    ReverbDelay=0.0160000
    EchoTime=0.1430000
    EchoDepth=0.0800000
    AirAbsorptionHF=-0.0000000
    HFReference=12428.5000000
    LFReference=99.5999985
}