class EFFECT_DRIVING_COMMENTATOR extends I3DL2Listener
    editinlinenew;

defaultproperties
{
    EnvironmentSize=3.0000000
    EnvironmentDiffusion=0.0000000
    Room=-900
    RoomHF=-500
    RoomLF=-600
    DecayTime=2.4200001
    DecayHFRatio=0.8800000
    DecayLFRatio=0.6800000
    Reflections=-1400
    ReflectionsDelay=0.0930000
    Reverb=-1200
    ReverbDelay=0.0170000
    EchoDepth=1.0000000
    AirAbsorptionHF=-0.0000000
}