class EFFECT_WOODEN_COURTYARD extends I3DL2Listener
    editinlinenew;

defaultproperties
{
    EnvironmentDiffusion=0.6500000
    Room=-1700
    RoomHF=-2200
    RoomLF=-1000
    DecayTime=1.7900000
    DecayHFRatio=0.3500000
    DecayLFRatio=0.7900000
    Reflections=-700
    ReflectionsDelay=0.0630000
    Reverb=-2300
    ReverbDelay=0.0320000
    HFReference=4705.0000000
    LFReference=99.5999985
}