class EFFECT_FACTORY_CUPBOARD extends I3DL2Listener
    editinlinenew;

defaultproperties
{
    EnvironmentSize=1.7000000
    EnvironmentDiffusion=0.6300000
    Room=-1200
    RoomHF=-200
    RoomLF=-600
    DecayTime=0.4900000
    DecayHFRatio=0.6500000
    DecayLFRatio=1.3099999
    Reflections=200
    ReflectionsDelay=0.0100000
    ReverbDelay=0.0320000
    EchoTime=0.1070000
    EchoDepth=0.0700000
    AirAbsorptionHF=-0.0000000
    HFReference=3762.6000977
    LFReference=362.5000000
}