class EFFECT_MOOD_HELL extends I3DL2Listener
    editinlinenew;

defaultproperties
{
    EnvironmentSize=100.0000000
    EnvironmentDiffusion=0.5700000
    RoomHF=-900
    RoomLF=-700
    DecayTime=3.5699999
    DecayHFRatio=0.4900000
    DecayLFRatio=2.0000000
    Reflections=-10000
    ReflectionsDelay=0.0200000
    Reverb=100
    ReverbDelay=0.0300000
    EchoTime=0.1100000
    EchoDepth=0.0400000
    ModulationTime=2.1090000
    ModulationDepth=0.5200000
    LFReference=139.5000000
}