class EFFECT_DRIVING_INCAR_LUXURY extends I3DL2Listener
    editinlinenew;

defaultproperties
{
    EnvironmentSize=1.6000000
    Room=-800
    RoomHF=-2000
    RoomLF=-600
    DecayTime=0.1300000
    DecayHFRatio=0.4100000
    DecayLFRatio=0.4600000
    Reflections=-200
    ReflectionsDelay=0.0100000
    Reverb=300
    ReverbDelay=0.0100000
    AirAbsorptionHF=-0.0000000
    HFReference=10268.2001953
    LFReference=251.0000000
}