class EFFECT_SPACESTATION_HALL extends I3DL2Listener
    editinlinenew;

defaultproperties
{
    EnvironmentSize=1.9000000
    EnvironmentDiffusion=0.8700000
    RoomHF=-400
    RoomLF=-100
    DecayTime=7.1100001
    DecayHFRatio=0.3800000
    DecayLFRatio=0.6100000
    Reflections=-1500
    ReflectionsDelay=0.1000000
    Reverb=-1000
    ReverbDelay=0.0470000
    EchoDepth=0.2500000
    HFReference=3316.1000977
    LFReference=458.2000122
}