class EFFECT_SPACESTATION_MEDIUMROOM extends I3DL2Listener
    editinlinenew;

defaultproperties
{
    EnvironmentSize=1.5000000
    EnvironmentDiffusion=0.7500000
    RoomHF=-400
    RoomLF=-100
    DecayTime=3.0100000
    DecayHFRatio=0.5000000
    DecayLFRatio=0.5500000
    Reflections=-1000
    ReflectionsDelay=0.0340000
    Reverb=-700
    ReverbDelay=0.0350000
    EchoTime=0.2090000
    EchoDepth=0.3100000
    HFReference=3316.1000977
    LFReference=458.2000122
}