class EFFECT_SPACESTATION_LARGEROOM extends I3DL2Listener
    editinlinenew;

defaultproperties
{
    EnvironmentSize=1.8000000
    EnvironmentDiffusion=0.8100000
    RoomHF=-400
    RoomLF=-100
    DecayTime=3.8900001
    DecayHFRatio=0.3800000
    DecayLFRatio=0.6100000
    Reflections=-1200
    ReflectionsDelay=0.0560000
    Reverb=-800
    ReverbDelay=0.0350000
    EchoTime=0.2330000
    EchoDepth=0.2800000
    HFReference=3316.1000977
    LFReference=458.2000122
}