class EFFECT_WOODEN_LARGEROOM extends I3DL2Listener
    editinlinenew;

defaultproperties
{
    Room=-1200
    RoomHF=-2100
    RoomLF=-1100
    DecayTime=1.4500000
    DecayHFRatio=0.3300000
    DecayLFRatio=0.8200000
    Reflections=-300
    ReflectionsDelay=0.0560000
    Reverb=-500
    ReverbDelay=0.0490000
    HFReference=4705.0000000
    LFReference=99.5999985
}