class EFFECT_FACTORY_COURTYARD extends I3DL2Listener
    editinlinenew;

defaultproperties
{
    EnvironmentSize=1.7000000
    EnvironmentDiffusion=0.5700000
    RoomHF=-1000
    RoomLF=-400
    DecayTime=2.3199999
    DecayHFRatio=0.2900000
    DecayLFRatio=0.5600000
    Reflections=-2400
    ReflectionsDelay=0.0900000
    Reverb=-2000
    ReverbDelay=0.0390000
    EchoDepth=0.2900000
    AirAbsorptionHF=-0.0000000
    HFReference=3762.6000977
    LFReference=362.5000000
}