class EFFECT_SPORT_GYMNASIUM extends I3DL2Listener
    editinlinenew;

defaultproperties
{
    EnvironmentDiffusion=0.8100000
    Room=-1200
    RoomHF=-700
    RoomLF=-100
    DecayTime=3.1400001
    DecayHFRatio=1.0599999
    DecayLFRatio=1.3500000
    Reflections=-800
    ReflectionsDelay=0.0290000
    Reverb=-700
    ReverbDelay=0.0450000
    EchoTime=0.1460000
    EchoDepth=0.1400000
    AirAbsorptionHF=-0.0000000
    HFReference=7176.8999023
    LFReference=211.1999969
}