class EFFECT_CITY_ABANDONED extends I3DL2Listener
    editinlinenew;

defaultproperties
{
    EnvironmentSize=3.0000000
    EnvironmentDiffusion=0.6900000
    Room=-1100
    RoomHF=-200
    RoomLF=-100
    DecayTime=3.2800000
    DecayHFRatio=1.1700000
    DecayLFRatio=0.9100000
    Reflections=-1400
    ReflectionsDelay=0.0440000
    Reverb=-2400
    ReverbDelay=0.0240000
    EchoDepth=0.2000000
    AirAbsorptionHF=-0.0000000
}