class EFFECT_ICEPALACE_HALL extends I3DL2Listener
    editinlinenew;

defaultproperties
{
    EnvironmentSize=2.9000001
    EnvironmentDiffusion=0.7600000
    RoomHF=-700
    RoomLF=-500
    DecayTime=5.4899998
    DecayHFRatio=1.5300000
    DecayLFRatio=0.3800000
    Reflections=-1900
    ReflectionsDelay=0.0540000
    Reverb=-1400
    ReverbDelay=0.0520000
    EchoTime=0.2260000
    EchoDepth=0.1100000
    AirAbsorptionHF=-0.0000000
    HFReference=12428.5000000
    LFReference=99.5999985
}