class EFFECT_SPACESTATION_ALCOVE extends I3DL2Listener
    editinlinenew;

defaultproperties
{
    EnvironmentSize=1.5000000
    EnvironmentDiffusion=0.7800000
    Room=-1100
    RoomHF=-300
    RoomLF=-100
    DecayTime=1.1600000
    DecayHFRatio=0.8100000
    DecayLFRatio=0.5500000
    Reflections=300
    Reverb=-500
    ReverbDelay=0.0180000
    EchoTime=0.1920000
    EchoDepth=0.2100000
    HFReference=3316.1000977
    LFReference=458.2000122
}