class EFFECT_SPACESTATION_LONGPASSAGE extends I3DL2Listener
    editinlinenew;

defaultproperties
{
    EnvironmentSize=1.9000000
    EnvironmentDiffusion=0.8200000
    RoomHF=-400
    RoomLF=-100
    DecayTime=4.6199999
    DecayHFRatio=0.6200000
    DecayLFRatio=0.5500000
    Reflections=0
    ReflectionsDelay=0.0120000
    Reverb=-800
    ReverbDelay=0.0310000
    EchoDepth=0.2300000
    HFReference=3316.1000977
    LFReference=458.2000122
}