class EFFECT_DOME_SAINTPAULS extends I3DL2Listener
    editinlinenew;

defaultproperties
{
    EnvironmentSize=50.2999992
    EnvironmentDiffusion=0.8700000
    RoomHF=-900
    RoomLF=-1300
    DecayTime=10.4799995
    DecayHFRatio=0.1900000
    DecayLFRatio=0.1000000
    Reflections=-1500
    ReflectionsDelay=0.0900000
    Reverb=-500
    ReverbDelay=0.0420000
    EchoDepth=0.1200000
    HFReference=2854.3999023
    LFReference=20.0000000
}