class EFFECT_DUSTYROOM extends I3DL2Listener
    editinlinenew;

defaultproperties
{
    EnvironmentSize=1.8000000
    EnvironmentDiffusion=0.5600000
    Room=-1100
    RoomHF=-200
    RoomLF=-300
    DecayTime=1.7900000
    DecayHFRatio=0.3800000
    DecayLFRatio=0.2100000
    Reflections=-600
    ReflectionsDelay=0.0020000
    ReverbDelay=0.0060000
    EchoTime=0.2020000
    EchoDepth=0.0500000
    AirAbsorptionHF=-3.0000000
    HFReference=13046.0000000
    LFReference=163.3000031
}