class EFFECT_SPACESTATION_SMALLROOM extends I3DL2Listener
    editinlinenew;

defaultproperties
{
    EnvironmentSize=1.5000000
    EnvironmentDiffusion=0.7000000
    RoomHF=-300
    RoomLF=-100
    DecayTime=1.7200000
    DecayHFRatio=0.8200000
    DecayLFRatio=0.5500000
    Reflections=-400
    Reverb=-500
    ReverbDelay=0.0130000
    EchoTime=0.1880000
    EchoDepth=0.2600000
    HFReference=3316.1000977
    LFReference=458.2000122
}