class EFFECT_CASTLE_SMALLROOM extends I3DL2Listener
    editinlinenew;

defaultproperties
{
    EnvironmentSize=8.3000002
    EnvironmentDiffusion=0.8900000
    Room=-1100
    RoomHF=-800
    RoomLF=-2000
    DecayTime=1.2200000
    DecayLFRatio=0.3100000
    Reflections=-100
    ReflectionsDelay=0.0220000
    Reverb=0
    EchoTime=0.1380000
    EchoDepth=0.0800000
    HFReference=5168.6000977
    LFReference=139.5000000
}