class EFFECT_CITY_UNDERPASS extends I3DL2Listener
    editinlinenew;

defaultproperties
{
    EnvironmentSize=3.0000000
    EnvironmentDiffusion=0.8200000
    Room=-1500
    RoomHF=-700
    RoomLF=-100
    DecayTime=3.5699999
    DecayHFRatio=1.1200000
    DecayLFRatio=0.9100000
    Reflections=-1500
    ReflectionsDelay=0.0590000
    Reverb=-1100
    ReverbDelay=0.0370000
    EchoDepth=0.1400000
    AirAbsorptionHF=-0.0000000
}