class EFFECT_MOOD_MEMORY extends I3DL2Listener
    editinlinenew;

defaultproperties
{
    EnvironmentSize=8.0000000
    EnvironmentDiffusion=0.8500000
    RoomHF=-400
    RoomLF=-900
    DecayTime=4.0599999
    DecayHFRatio=0.8200000
    DecayLFRatio=0.5600000
    Reflections=-2800
    ReflectionsDelay=0.0000000
    Reverb=-500
    ReverbDelay=0.0000000
    ModulationTime=0.4740000
    ModulationDepth=0.4500000
    AirAbsorptionHF=-2.0000000
}