class EFFECT_DRIVING_INCAR_SPORTS extends I3DL2Listener
    editinlinenew;

defaultproperties
{
    EnvironmentSize=1.1000000
    EnvironmentDiffusion=0.8000000
    Room=-900
    RoomHF=-400
    DecayTime=0.1700000
    DecayHFRatio=0.7500000
    DecayLFRatio=0.4100000
    Reflections=0
    ReflectionsDelay=0.0100000
    Reverb=-600
    ReverbDelay=0.0000000
    AirAbsorptionHF=-0.0000000
    HFReference=10268.2001953
    LFReference=251.0000000
}