class EFFECT_PIPE_SMALL extends I3DL2Listener
    editinlinenew;

defaultproperties
{
    EnvironmentSize=50.2999992
    RoomHF=-900
    RoomLF=-1300
    DecayTime=5.0400000
    DecayHFRatio=0.1000000
    DecayLFRatio=0.1000000
    Reflections=-600
    ReflectionsDelay=0.0320000
    Reverb=400
    ReverbDelay=0.0150000
    HFReference=2854.3999023
    LFReference=20.0000000
}