class EFFECT_CITY_SUBWAY extends I3DL2Listener
    editinlinenew;

defaultproperties
{
    EnvironmentSize=3.0000000
    EnvironmentDiffusion=0.7400000
    Room=-1100
    RoomHF=-300
    RoomLF=-100
    DecayTime=3.0100000
    DecayHFRatio=1.2300000
    DecayLFRatio=0.9100000
    Reflections=-700
    ReflectionsDelay=0.0460000
    Reverb=-1000
    ReverbDelay=0.0280000
    EchoTime=0.1250000
    EchoDepth=0.2100000
    AirAbsorptionHF=-0.0000000
}