class EFFECT_PIPE_LARGE extends I3DL2Listener
    editinlinenew;

defaultproperties
{
    EnvironmentSize=50.2999992
    RoomHF=-900
    RoomLF=-1300
    DecayTime=8.4499998
    DecayHFRatio=0.1000000
    DecayLFRatio=0.1000000
    Reflections=-800
    ReflectionsDelay=0.0460000
    Reverb=0
    ReverbDelay=0.0320000
    HFReference=2854.3999023
    LFReference=20.0000000
}