class EFFECT_FACTORY_HALL extends I3DL2Listener
    editinlinenew;

defaultproperties
{
    EnvironmentSize=1.9000000
    EnvironmentDiffusion=0.7500000
    RoomHF=-300
    RoomLF=-400
    DecayTime=7.4299998
    DecayHFRatio=0.5100000
    DecayLFRatio=1.3099999
    Reflections=-2400
    ReflectionsDelay=0.0730000
    Reverb=-500
    ReverbDelay=0.0270000
    EchoDepth=0.0700000
    AirAbsorptionHF=-0.0000000
    HFReference=3762.6000977
    LFReference=362.5000000
}