class EFFECT_CASTLE_LONGPASSAGE extends I3DL2Listener
    editinlinenew;

defaultproperties
{
    EnvironmentSize=8.3000002
    EnvironmentDiffusion=0.8900000
    RoomHF=-800
    RoomLF=-2000
    DecayTime=3.4200001
    DecayLFRatio=0.3100000
    Reflections=-200
    Reverb=-600
    ReverbDelay=0.0230000
    EchoTime=0.1380000
    EchoDepth=0.0800000
    HFReference=5168.6000977
    LFReference=139.5000000
}