class EFFECT_WOODEN_LONGPASSAGE extends I3DL2Listener
    editinlinenew;

defaultproperties
{
    Room=-1100
    RoomHF=-2000
    RoomLF=-1000
    DecayTime=1.7900000
    DecayHFRatio=0.4000000
    DecayLFRatio=0.7900000
    Reflections=-200
    ReflectionsDelay=0.0200000
    Reverb=-1000
    ReverbDelay=0.0360000
    HFReference=4705.0000000
    LFReference=99.5999985
}