class STY2WarfareHeader_MyInfoButton extends GUI2Styles
    instanced;

defaultproperties
{
    KeyName="STY2WarfareHeader_MyInfoButton"
    ImgColors[0]=(R=192,G=192,B=192,A=128)
    ImgColors[3]=(R=255,G=255,B=255,A=128)
    ImgStyle[0]=2
    ImgStyle[1]=2
    ImgStyle[2]=2
    ImgStyle[3]=2
    ImgStyle[4]=2
    ImgWidths[0]=63.0000000
    ImgWidths[1]=63.0000000
    ImgWidths[2]=63.0000000
    ImgWidths[3]=63.0000000
    ImgWidths[4]=63.0000000
    ImgHeights[0]=53.0000000
    ImgHeights[1]=53.0000000
    ImgHeights[2]=53.0000000
    ImgHeights[3]=53.0000000
    ImgHeights[4]=53.0000000
}