class STY2WarfareTeamButtonRSA extends GUI2Styles
    instanced;

defaultproperties
{
    KeyName="STY2WarfareTeamButtonRSA"
    ImgColors[0]=(R=255,G=255,B=255,A=128)
    ImgColors[3]=(R=255,G=255,B=255,A=128)
    ImgColors[4]=(R=255,G=255,B=255,A=255)
    ImgStyle[0]=2
    ImgStyle[1]=2
    ImgStyle[2]=2
    ImgStyle[3]=2
    ImgStyle[4]=2
    ImgWidths[0]=365.0000000
    ImgWidths[1]=365.0000000
    ImgWidths[2]=365.0000000
    ImgWidths[3]=365.0000000
    ImgWidths[4]=365.0000000
    ImgHeights[0]=31.0000000
    ImgHeights[1]=31.0000000
    ImgHeights[2]=31.0000000
    ImgHeights[3]=31.0000000
    ImgHeights[4]=31.0000000
}